20000 21.9
40000 33.8
60000 70.1
80000 84.0
100000 129.5
120000 249.5
140000 324.4
160000 380.0
180000 407.6
200000 431.3
220000 458.8
240000 475.2
260000 499.6
280000 516.5
300000 520.9
320000 520.0
340000 534.2
360000 534.7
380000 545.7
400000 545.6
420000 546.0
440000 554.0
460000 564.1
480000 557.5
500000 558.5
520000 571.8
540000 557.9
560000 561.5
580000 563.6
600000 574.7
620000 569.4
640000 581.6
660000 590.3
680000 586.2
700000 588.1
720000 586.0
740000 598.8
760000 587.1
780000 596.9
800000 594.3
820000 590.7
840000 609.5
860000 588.1
880000 586.3
900000 600.8
920000 596.2
940000 603.3
960000 601.7
980000 612.8
1000000 606.4
