20000 21.3
40000 37.0
60000 62.9
80000 51.9
100000 105.7
120000 157.0
140000 173.5
160000 167.5
180000 216.6
200000 360.4
220000 484.7
240000 527.6
260000 541.2
280000 551.8
300000 568.2
320000 576.9
340000 617.7
360000 627.2
380000 646.3
400000 634.7
420000 629.2
440000 664.6
460000 674.1
480000 680.3
500000 669.0
520000 695.8
540000 690.8
560000 691.3
580000 686.8
600000 700.7
620000 705.3
640000 697.4
660000 707.2
680000 713.1
700000 725.9
720000 705.8
740000 716.4
760000 700.9
780000 716.5
800000 714.6
820000 722.3
840000 700.7
860000 723.9
880000 718.4
900000 726.2
920000 707.3
940000 721.9
960000 719.5
980000 725.9
1000000 726.0
