20000 28.0
40000 53.4
60000 51.2
80000 40.8
100000 108.5
120000 141.2
140000 164.5
160000 135.1
180000 176.7
200000 200.9
220000 221.6
240000 247.9
260000 283.2
280000 316.0
300000 345.5
320000 378.6
340000 430.3
360000 432.4
380000 484.0
400000 517.3
420000 528.0
440000 544.5
460000 551.5
480000 573.4
500000 574.9
520000 558.8
540000 581.6
560000 564.5
580000 584.5
600000 580.4
620000 589.2
640000 576.1
660000 588.6
680000 589.8
700000 590.9
720000 589.6
740000 587.1
760000 595.7
780000 596.3
800000 590.6
820000 607.8
840000 599.8
860000 609.8
880000 616.8
900000 605.0
920000 611.3
940000 618.0
960000 610.5
980000 628.3
1000000 605.9
