20000 21.7
40000 34.5
60000 55.3
80000 78.4
100000 127.5
120000 159.4
140000 163.8
160000 255.9
180000 353.4
200000 435.3
220000 469.8
240000 492.9
260000 527.3
280000 537.8
300000 538.0
320000 558.9
340000 574.2
360000 598.9
380000 589.3
400000 611.5
420000 616.3
440000 641.5
460000 625.8
480000 639.7
500000 645.7
520000 651.9
540000 669.9
560000 656.0
580000 685.0
600000 682.4
620000 693.6
640000 697.5
660000 704.5
680000 701.1
700000 700.9
720000 714.5
740000 719.1
760000 721.1
780000 718.0
800000 733.8
820000 728.9
840000 728.5
860000 728.8
880000 723.2
900000 723.9
920000 736.6
940000 735.6
960000 733.4
980000 745.0
1000000 737.8
