20000 24.1
40000 32.4
60000 53.8
80000 68.0
100000 130.4
120000 143.8
140000 157.4
160000 167.6
180000 161.5
200000 160.1
220000 176.0
240000 228.2
260000 244.3
280000 293.0
300000 346.3
320000 374.8
340000 386.4
360000 405.6
380000 399.9
400000 408.6
420000 413.8
440000 404.2
460000 411.0
480000 423.6
500000 432.4
520000 430.4
540000 438.6
560000 440.9
580000 434.3
600000 442.6
620000 443.2
640000 439.6
660000 447.3
680000 442.4
700000 447.1
720000 445.4
740000 441.0
760000 440.4
780000 448.7
800000 446.5
820000 445.5
840000 444.0
860000 441.2
880000 448.2
900000 453.7
920000 455.1
940000 450.6
960000 452.4
980000 445.1
1000000 453.5
