20000 31.7
40000 41.6
60000 74.7
80000 113.6
100000 147.6
120000 160.2
140000 175.9
160000 280.7
180000 345.3
200000 268.3
220000 363.4
240000 410.1
260000 430.2
280000 452.0
300000 472.7
320000 501.8
340000 527.7
360000 557.0
380000 580.4
400000 579.3
420000 589.8
440000 607.3
460000 606.0
480000 603.4
500000 603.6
520000 598.2
540000 626.8
560000 629.4
580000 617.2
600000 634.9
620000 641.2
640000 660.1
660000 504.2
680000 663.6
700000 646.8
720000 646.9
740000 654.9
760000 675.4
780000 676.9
800000 663.4
820000 663.0
840000 673.7
860000 669.9
880000 667.4
900000 679.2
920000 676.1
940000 666.1
960000 690.2
980000 683.5
1000000 686.5
