20000 27.6
40000 28.7
60000 54.4
80000 70.9
100000 157.7
120000 163.7
140000 179.9
160000 205.9
180000 246.9
200000 283.9
220000 306.2
240000 336.6
260000 366.2
280000 323.5
300000 419.9
320000 436.1
340000 460.2
360000 476.0
380000 490.1
400000 496.5
420000 513.5
440000 527.7
460000 537.4
480000 552.5
500000 560.5
520000 574.5
540000 572.2
560000 567.5
580000 607.8
600000 620.9
620000 627.8
640000 621.2
660000 646.0
680000 640.4
700000 654.5
720000 655.5
740000 665.0
760000 672.3
780000 682.2
800000 663.2
820000 674.2
840000 677.3
860000 694.0
880000 675.7
900000 677.3
920000 678.6
940000 701.9
960000 697.0
980000 711.1
1000000 710.2
