20000 14.7
40000 70.9
60000 108.4
80000 160.2
100000 160.0
120000 161.3
140000 164.8
160000 165.2
180000 178.3
200000 172.8
220000 229.2
240000 264.6
260000 279.7
280000 294.2
300000 346.1
320000 361.9
340000 371.4
360000 374.0
380000 388.0
400000 395.6
420000 407.2
440000 408.4
460000 416.0
480000 427.3
500000 428.4
520000 431.6
540000 432.7
560000 432.7
580000 438.1
600000 440.4
620000 442.8
640000 448.3
660000 447.9
680000 448.6
700000 453.7
720000 458.0
740000 451.5
760000 458.6
780000 460.1
800000 446.8
820000 454.1
840000 451.9
860000 458.8
880000 452.2
900000 470.2
920000 463.5
940000 462.1
960000 471.6
980000 470.3
1000000 474.4
