20000 22.1
40000 29.5
60000 57.2
80000 63.3
100000 127.3
120000 138.3
140000 159.8
160000 163.7
180000 164.5
200000 168.2
220000 195.5
240000 239.6
260000 279.5
280000 301.0
300000 305.8
320000 332.9
340000 341.4
360000 336.3
380000 342.2
400000 348.7
420000 346.3
440000 356.7
460000 391.9
480000 398.3
500000 409.1
520000 443.7
540000 431.6
560000 452.4
580000 469.5
600000 475.7
620000 476.2
640000 493.9
660000 488.5
680000 484.7
700000 498.4
720000 497.1
740000 503.8
760000 516.0
780000 502.8
800000 515.2
820000 512.7
840000 520.0
860000 520.9
880000 515.9
900000 517.5
920000 524.7
940000 532.1
960000 526.9
980000 535.6
1000000 528.2
