20000 22.5
40000 40.4
60000 65.3
80000 108.0
100000 152.8
120000 137.2
140000 166.6
160000 207.7
180000 200.7
200000 225.8
220000 240.9
240000 244.1
260000 263.6
280000 291.8
300000 300.3
320000 318.5
340000 330.9
360000 339.8
380000 352.6
400000 361.0
420000 368.1
440000 375.5
460000 388.8
480000 383.5
500000 402.1
520000 423.5
540000 487.3
560000 514.0
580000 540.0
600000 543.7
620000 585.4
640000 599.6
660000 609.1
680000 625.6
700000 640.6
720000 634.7
740000 635.5
760000 649.4
780000 640.4
800000 652.1
820000 661.7
840000 666.5
860000 657.5
880000 673.8
900000 690.2
920000 698.3
940000 682.3
960000 681.8
980000 703.6
1000000 710.8
