20000 72.4
40000 78.5
60000 98.8
80000 100.3
100000 135.2
120000 163.6
140000 164.1
160000 156.4
180000 151.0
200000 177.7
220000 176.0
240000 192.5
260000 261.2
280000 406.7
300000 459.8
320000 484.2
340000 514.0
360000 524.0
380000 549.1
400000 561.2
420000 562.1
440000 602.6
460000 597.1
480000 601.6
500000 618.7
520000 626.0
540000 621.6
560000 635.5
580000 650.7
600000 630.4
620000 647.9
640000 670.8
660000 669.9
680000 658.5
700000 691.0
720000 679.4
740000 695.4
760000 695.2
780000 699.4
800000 691.7
820000 705.8
840000 717.6
860000 711.2
880000 703.3
900000 720.6
920000 715.3
940000 712.0
960000 709.1
980000 727.8
1000000 713.8
