20000 73.6
40000 83.7
60000 97.8
80000 110.0
100000 153.3
120000 188.5
140000 150.1
160000 207.5
180000 218.0
200000 334.5
220000 409.8
240000 417.0
260000 509.0
280000 539.4
300000 572.8
320000 578.9
340000 605.3
360000 637.0
380000 615.1
400000 626.5
420000 637.4
440000 625.2
460000 659.8
480000 680.4
500000 660.7
520000 676.0
540000 683.6
560000 692.7
580000 675.5
600000 722.1
620000 719.0
640000 720.5
660000 729.9
680000 710.2
700000 710.7
720000 717.1
740000 728.8
760000 734.2
780000 740.8
800000 736.0
820000 748.8
840000 735.5
860000 752.0
880000 752.0
900000 757.2
920000 732.4
940000 742.2
960000 762.4
980000 755.2
1000000 764.6
