20000 62.6
40000 83.8
60000 79.3
80000 140.8
100000 146.4
120000 192.2
140000 323.1
160000 402.3
180000 447.6
200000 495.6
220000 494.2
240000 510.4
260000 556.6
280000 565.7
300000 576.9
320000 595.3
340000 614.1
360000 636.0
380000 628.0
400000 649.4
420000 654.0
440000 673.4
460000 694.3
480000 696.2
500000 700.2
520000 694.6
540000 694.8
560000 694.2
580000 704.2
600000 695.9
620000 709.3
640000 704.3
660000 699.4
680000 698.9
700000 700.2
720000 697.9
740000 710.9
760000 715.5
780000 726.0
800000 724.1
820000 720.8
840000 726.5
860000 703.1
880000 725.5
900000 725.4
920000 717.8
940000 726.4
960000 733.6
980000 722.9
1000000 727.2
