20000 70.2
40000 100.3
60000 116.0
80000 142.5
100000 158.2
120000 162.8
140000 151.3
160000 172.2
180000 248.5
200000 329.4
220000 359.6
240000 431.4
260000 523.9
280000 518.3
300000 540.0
320000 577.0
340000 576.4
360000 627.3
380000 619.9
400000 626.6
420000 622.1
440000 633.8
460000 659.4
480000 664.9
500000 645.3
520000 537.7
540000 661.4
560000 643.3
580000 670.3
600000 677.1
620000 672.9
640000 681.2
660000 677.0
680000 679.4
700000 683.6
720000 682.8
740000 688.8
760000 695.9
780000 696.3
800000 708.4
820000 695.7
840000 706.0
860000 703.8
880000 705.4
900000 703.6
920000 721.1
940000 724.1
960000 720.0
980000 720.5
1000000 721.8
