20000 50.9
40000 75.1
60000 85.6
80000 133.8
100000 148.6
120000 161.4
140000 165.4
160000 198.3
180000 302.6
200000 404.3
220000 481.6
240000 491.2
260000 540.3
280000 519.3
300000 544.1
320000 561.6
340000 586.9
360000 608.5
380000 620.0
400000 638.2
420000 626.4
440000 652.0
460000 623.3
480000 642.1
500000 642.5
520000 659.1
540000 663.5
560000 677.6
580000 687.3
600000 679.3
620000 670.0
640000 682.7
660000 683.7
680000 688.4
700000 683.8
720000 686.0
740000 693.1
760000 684.0
780000 691.3
800000 685.8
820000 683.6
840000 709.3
860000 695.0
880000 698.8
900000 712.7
920000 722.3
940000 709.3
960000 719.0
980000 703.6
1000000 718.1
