20000 64.1
40000 83.9
60000 104.7
80000 120.8
100000 154.5
120000 280.9
140000 363.8
160000 416.6
180000 469.1
200000 459.1
220000 530.6
240000 562.3
260000 583.8
280000 580.8
300000 596.6
320000 618.7
340000 646.9
360000 633.3
380000 641.4
400000 654.6
420000 667.2
440000 673.5
460000 664.8
480000 673.4
500000 677.7
520000 673.4
540000 703.5
560000 679.1
580000 697.6
600000 687.4
620000 708.5
640000 718.4
660000 717.4
680000 727.6
700000 723.6
720000 710.9
740000 721.6
760000 747.8
780000 742.3
800000 734.2
820000 729.8
840000 745.2
860000 726.9
880000 742.2
900000 740.4
920000 729.5
940000 745.5
960000 746.3
980000 756.0
1000000 762.6
