20000 59.9
40000 79.2
60000 96.0
80000 135.4
100000 147.8
120000 158.7
140000 169.6
160000 156.0
180000 170.6
200000 171.6
220000 177.2
240000 262.2
260000 401.9
280000 496.3
300000 466.7
320000 516.5
340000 550.7
360000 552.0
380000 581.7
400000 584.8
420000 607.8
440000 613.2
460000 621.1
480000 630.7
500000 621.6
520000 638.5
540000 662.2
560000 667.3
580000 649.1
600000 645.7
620000 651.6
640000 659.7
660000 668.3
680000 673.1
700000 678.2
720000 676.7
740000 673.8
760000 690.0
780000 699.5
800000 682.6
820000 677.9
840000 685.2
860000 693.6
880000 691.2
900000 697.5
920000 672.7
940000 701.7
960000 689.1
980000 700.3
1000000 703.2
