20000 52.9
40000 85.1
60000 116.7
80000 130.1
100000 156.0
120000 156.9
140000 155.9
160000 163.2
180000 165.5
200000 162.7
220000 163.7
240000 169.8
260000 227.8
280000 246.8
300000 286.2
320000 340.4
340000 374.3
360000 406.2
380000 442.3
400000 478.6
420000 483.6
440000 518.9
460000 537.6
480000 571.3
500000 588.8
520000 617.4
540000 625.7
560000 650.4
580000 653.1
600000 677.0
620000 668.6
640000 692.4
660000 701.1
680000 696.6
700000 689.8
720000 705.6
740000 712.2
760000 700.2
780000 715.1
800000 736.3
820000 732.3
840000 717.5
860000 737.3
880000 726.9
900000 732.3
920000 744.8
940000 731.4
960000 760.1
980000 744.2
1000000 741.6
