20000 73.3
40000 84.8
60000 91.4
80000 143.9
100000 149.9
120000 221.5
140000 235.8
160000 353.7
180000 374.4
200000 386.1
220000 395.2
240000 408.9
260000 426.2
280000 438.3
300000 452.1
320000 479.1
340000 500.9
360000 493.2
380000 519.0
400000 520.7
420000 535.0
440000 561.5
460000 584.7
480000 592.9
500000 606.2
520000 614.2
540000 627.5
560000 612.3
580000 637.2
600000 652.2
620000 660.7
640000 668.3
660000 678.8
680000 665.8
700000 690.8
720000 694.9
740000 678.2
760000 706.1
780000 697.5
800000 700.7
820000 700.4
840000 701.0
860000 704.2
880000 714.4
900000 700.7
920000 715.4
940000 719.8
960000 724.1
980000 716.8
1000000 714.4
