20000 59.1
40000 85.6
60000 122.4
80000 103.8
100000 161.4
120000 180.7
140000 304.4
160000 352.5
180000 422.6
200000 450.5
220000 502.0
240000 499.9
260000 553.8
280000 554.7
300000 574.6
320000 601.9
340000 591.9
360000 606.3
380000 613.2
400000 638.0
420000 641.8
440000 657.5
460000 636.8
480000 654.5
500000 658.6
520000 673.1
540000 676.9
560000 700.6
580000 689.5
600000 698.3
620000 673.8
640000 696.9
660000 698.5
680000 706.4
700000 723.9
720000 720.4
740000 717.4
760000 723.1
780000 737.6
800000 714.0
820000 744.1
840000 729.2
860000 728.9
880000 734.5
900000 745.4
920000 744.1
940000 756.3
960000 727.1
980000 755.2
1000000 744.9
